Results for NaiveBayes_Sklearn:
accuracy: 0.447
precision: 0.4615473307945992
recall: 0.44394208749084213
f1_score: 0.44687627333595437
confusion_matrix: [[59, 4, 17, 1, 3, 0, 3, 1, 12, 2], [18, 50, 4, 2, 0, 3, 2, 0, 18, 15], [7, 0, 45, 5, 15, 5, 19, 3, 0, 0], [0, 1, 8, 31, 12, 22, 10, 5, 0, 3], [6, 0, 22, 9, 30, 3, 4, 22, 3, 0], [1, 1, 18, 17, 4, 34, 2, 8, 0, 0], [1, 0, 13, 14, 9, 5, 60, 5, 0, 0], [3, 0, 16, 6, 20, 8, 1, 48, 0, 0], [36, 16, 2, 0, 1, 1, 1, 1, 38, 3], [17, 12, 0, 4, 0, 0, 0, 1, 17, 52]]
