Results for NaiveBayes_Sklearn:
accuracy: 0.451
precision: 0.4596096217552389
recall: 0.44861650761323313
f1_score: 0.44943947556559766
confusion_matrix: [[63, 3, 17, 1, 3, 0, 1, 1, 11, 2], [15, 45, 5, 2, 0, 3, 3, 0, 18, 21], [8, 0, 42, 7, 17, 4, 19, 2, 0, 0], [0, 0, 9, 27, 15, 24, 10, 4, 0, 3], [8, 0, 21, 9, 31, 2, 4, 21, 3, 0], [1, 0, 14, 17, 4, 38, 2, 9, 0, 0], [0, 1, 12, 16, 7, 5, 62, 4, 0, 0], [2, 0, 14, 4, 20, 8, 1, 52, 0, 1], [29, 17, 2, 0, 1, 0, 0, 5, 41, 4], [14, 12, 0, 4, 0, 0, 0, 2, 21, 50]]
